Word 1: corrupt
Word 2: bribe

Word 1 vector

[-3.0808276e-03 -4.2736325e-03  2.4159166e-03  3.6810418e-03
  1.1702962e-03 -6.3320025e-05 -1.4517064e-03  6.8463269e-04
 -4.0965443e-03  2.7569954e-03  2.9373879e-04  2.3795594e-03
  1.5936821e-03 -4.7608977e-04 -1.0534829e-03  3.6507985e-03
  1.7277624e-03  1.5168794e-03 -4.7838772e-03  4.7163283e-03
  2.2355007e-04  2.4616483e-04 -5.0743041e-04 -1.8496922e-04
 -1.0274556e-03 -4.3746168e-03 -3.1203282e-04 -3.4268065e-03
 -3.2182033e-03  2.1174883e-03  1.7787701e-03  3.1801912e-03
 -1.6352052e-03 -3.9361687e-03  5.1456126e-03  1.8181107e-03
 -3.0636215e-03 -6.8488851e-05  1.4790120e-03 -3.9905310e-03
 -3.4066408e-03 -1.7419964e-04  1.1200750e-03 -1.9751354e-03
 -2.8684584e-03 -1.7480041e-03 -1.9853672e-03  6.7074451e-04
  4.3551237e-03  4.3503814e-03 -3.5715646e-03 -2.0305587e-03
 -4.7116252e-03  1.2776130e-03 -4.2993240e-03  1.2184203e-03
  5.9354388e-05 -2.3810910e-03 -4.8312359e-03 -1.1584901e-04
 -4.3919110e-03 -2.5427332e-03 -1.6933812e-03 -4.5349319e-03
 -2.3809148e-03  6.1681023e-04  1.6233537e-03  4.3822727e-03
  2.9443444e-03 -6.9189590e-04 -7.8393939e-05 -3.0355854e-03
 -2.6673672e-03  1.3502586e-03 -3.7480423e-03  4.8661102e-03
  4.7227661e-03 -2.2877196e-03 -3.7340368e-03  1.4541128e-03
  2.4080721e-03  1.6185659e-03 -3.5145991e-03  1.3486327e-03
  3.8508563e-03 -4.8296256e-03  1.0275091e-03 -4.5900275e-03
  4.5992378e-03  4.2659407e-03 -2.8645017e-03 -5.2305689e-04
  3.5899617e-03 -3.5761777e-04  1.7791251e-03  9.4294701e-05
 -8.7836474e-05  2.7183271e-03  1.6083007e-03 -4.5649190e-03]




Word 2 vector

[-2.1940379e-03 -4.6262983e-03 -2.8938579e-03  2.3996242e-04
 -1.6794936e-03  4.6259951e-04 -1.2149264e-03 -2.4461565e-03
  8.0000627e-04 -3.7352304e-04  4.9812072e-03 -2.0608022e-03
 -5.1277544e-04  4.6506687e-03 -6.2049285e-04  2.5495621e-03
  1.7543819e-03 -9.3271700e-04 -3.1644257e-03 -3.5118198e-03
 -3.6647196e-03 -2.9541540e-03 -3.9173808e-04  3.3588642e-03
 -1.6028371e-03 -1.7555633e-03 -1.4818093e-03 -2.3259066e-05
  1.6217941e-03 -1.5008219e-03  2.4097967e-03  3.1433278e-03
  2.7104530e-03 -2.3427530e-04  4.4706339e-04  4.7597354e-03
 -2.0272310e-03 -1.9303401e-03  2.6850069e-03  1.8357403e-03
 -1.1202529e-03  1.7017024e-03 -1.4664878e-05  4.0382450e-03
 -4.1286001e-04  2.7516992e-03  1.3594561e-03  3.2484680e-03
  1.6632397e-03 -4.7143064e-03  8.2026963e-04 -5.0359401e-03
 -2.5905643e-03 -1.5693838e-03  3.9367229e-03  2.9889327e-03
 -4.4219173e-04 -5.7837379e-04  4.6239351e-03 -2.2834014e-04
 -3.8750239e-03  7.3113624e-05  2.9092946e-03 -2.6836647e-03
  6.9135893e-04 -1.6783888e-04  3.7886759e-03  5.5309030e-04
  4.3680417e-04  1.8324187e-03 -3.7345476e-03 -1.0363961e-03
 -4.0429714e-03  4.5716544e-03  2.2538907e-03  8.7655231e-04
  6.6973787e-04 -9.0376602e-04 -2.5973141e-03  3.7810106e-03
 -2.9474716e-03  4.5197145e-03  2.1915343e-03  2.7978574e-03
 -4.0266346e-03 -6.4255978e-04 -4.5036552e-03  2.4972355e-04
  5.2391738e-04 -3.2322942e-03 -4.4466951e-03  1.8550135e-03
 -7.5943430e-04 -2.6600517e-03 -4.6385336e-03  4.6330765e-03
  1.4668856e-03 -4.8556728e-03 -2.1611420e-03  3.9054854e-03]




Words similar to Word 1

[('nation', 0.23722724616527557), ('charact', 0.231051504611969), ('return', 0.20619824528694153), ('leader', 0.19267235696315765), ('bank', 0.1809138059616089), ('favour', 0.17742127180099487), ('polit', 0.15428830683231354), ('differ', 0.14750684797763824), ('turn', 0.1348988264799118), ('success', 0.13372871279716492)]




Words similar to Word 2

[('strong', 0.31747880578041077), ('patron', 0.2397797554731369), ('societi', 0.23123593628406525), ('countri', 0.2309880554676056), ('crime', 0.22995322942733765), ('hous', 0.22584044933319092), ('politician', 0.215231254696846), ('court', 0.1830858290195465), ('foreign', 0.15284673869609833), ('depart', 0.15035302937030792)]




Similarity between the two

0.0069335313
