Word 1: corruption
Word 2: bribe

Word 1 vector

[-4.1737435e-03  2.1609450e-03  1.6728394e-03  4.1680508e-03
 -3.8075154e-03  4.1400185e-03 -9.6991850e-04 -4.1098893e-03
  3.1261747e-03  5.3880014e-04 -2.7302785e-03 -1.9562563e-03
  3.1860878e-03  3.3957130e-04 -7.2258478e-04  4.0473850e-03
  3.2011862e-03 -3.6999360e-03  3.3738189e-03  1.1913396e-03
 -4.7355890e-04 -2.9568190e-03 -2.6019027e-03  2.3298797e-03
 -2.7273819e-03 -3.9487565e-04  5.5761170e-04 -1.7288163e-03
  1.2154136e-03 -3.1540664e-03 -3.1404712e-03 -3.6209607e-03
  3.7988060e-04 -3.9268173e-03 -4.6714596e-03 -4.7524683e-03
 -2.8541633e-03  3.9500697e-03  2.7723922e-03  3.2430454e-03
  3.5546061e-03 -3.2299028e-03 -2.3119419e-03 -3.7851266e-03
  3.0345952e-03  2.3518279e-03 -2.5290137e-03  3.0585572e-03
 -2.7551046e-03 -2.2579501e-03  4.0228097e-03 -3.0354096e-03
 -2.9299764e-03 -2.1518432e-03  1.5696579e-03 -4.5301542e-03
 -1.9468199e-03 -4.7153961e-03  3.6701162e-03  1.5149598e-03
 -8.5299270e-04 -2.8413893e-03  1.4965588e-03  4.7567226e-03
 -2.1625785e-03 -3.0243132e-04  1.6671733e-03 -7.3407183e-04
  5.7168631e-04 -4.2087142e-03 -1.4283770e-03  2.8871230e-03
 -4.7930628e-03 -4.0218895e-03 -1.0707001e-03  4.5293048e-03
 -9.9810131e-04 -3.7880498e-03 -3.2905792e-03 -1.2026610e-03
  4.6598585e-03 -8.0923573e-04  2.3714088e-05  1.3454430e-03
 -7.6254713e-05  2.0809132e-03 -3.5484538e-03 -9.9206273e-04
  4.4484851e-03  3.7097302e-03 -3.6912500e-03  4.5338105e-03
 -3.8107326e-03 -4.3099541e-03 -8.4810308e-04  2.7837730e-03
  1.7767526e-03 -4.7503825e-04  4.3035932e-03  1.8504289e-03]




Word 2 vector

[ 5.1644869e-04  2.2106334e-03  2.4603775e-03 -3.8529993e-03
  3.0121623e-04 -3.8740130e-03 -4.8738262e-03  1.3635978e-03
  1.5330983e-04  2.4277007e-03 -4.5366050e-04  2.8172871e-03
 -3.5697150e-03 -1.5054104e-03  4.2224478e-04  1.4103643e-03
  2.7420535e-03 -4.7487472e-03 -3.6803337e-03 -4.6087550e-03
  4.8310254e-03  2.0421676e-04  3.7960815e-03  3.4365051e-03
  3.4110865e-03  3.7111582e-03  3.9769127e-03  2.3894133e-03
  2.4771551e-03 -1.0841258e-03 -4.2863260e-03  4.6041142e-03
  1.5916991e-03  3.4632860e-03 -2.9355076e-03 -3.1176738e-03
  3.3948468e-03  8.2290114e-04  5.0022625e-03  2.0194845e-03
  3.1663717e-03 -1.1505339e-03  1.6295626e-03 -2.9470711e-03
  4.4154320e-03 -2.1190480e-03  2.0353631e-03 -3.8036781e-03
 -8.2843320e-04 -1.9663621e-03 -4.4342172e-03  2.3873637e-03
  2.4448119e-03  1.8187902e-03  4.0397961e-03 -3.0164119e-05
 -6.9354702e-04  3.1403967e-03  1.4839193e-03 -4.5328660e-04
  2.1608714e-04 -2.9568935e-05 -2.1394566e-03 -3.9806362e-04
  1.4888450e-03 -4.8884596e-03  4.7767512e-03 -3.1584078e-03
  3.2988891e-03  2.8519090e-03 -3.8608076e-05  6.4021081e-04
  2.4903885e-03  1.2920522e-03  4.3777484e-03 -4.6218759e-03
  3.8867583e-03 -2.7880049e-03 -2.0687834e-03  2.1846991e-04
  3.0687042e-03  2.1696279e-03  4.8469398e-03 -3.0747007e-03
 -1.7245298e-03  6.4742367e-04 -2.8547044e-03 -3.7023132e-03
 -3.2724519e-03  4.5068767e-03  2.1792996e-04 -3.5184100e-03
 -3.7692478e-03  3.4506342e-03 -4.1570859e-03 -4.4875480e-03
  3.2991215e-03 -1.0232597e-03  1.7157465e-05  4.9972651e-03]




Words similar to Word 1

[('crime', 0.27631622552871704), ('hardly', 0.2605263590812683), ('officials', 0.19813694059848785), ('way', 0.15757179260253906), ('positions', 0.15200266242027283), ('proved', 0.14990761876106262), ('become', 0.13731974363327026), ('unless', 0.13463833928108215), ('former', 0.13429895043373108), ('foreign', 0.1278172731399536)]




Words similar to Word 2

[('get', 0.26915234327316284), ('keep', 0.21480096876621246), ('punishment', 0.1722572296857834), ('society', 0.14515581727027893), ('officials', 0.1391049027442932), ('departments', 0.12203320115804672), ('ministers', 0.11467158794403076), ('character', 0.10597533732652664), ('former', 0.09219501912593842), ('life', 0.09175875782966614)]




Similarity between the two

-0.05603981
