1967
Word 1: corrupt
Word 2: bribe

Word 1 vector

[-6.6952646e-04  6.6820304e-03  4.1766716e-03 -9.5887044e-03
  8.5459911e-04  7.4622636e-03 -6.5609012e-03 -2.8019529e-04
 -3.9433394e-04  3.1296436e-03 -6.9462229e-03  5.1450999e-03
  1.0595935e-02  5.5149593e-03 -2.7200435e-03  4.3070984e-05
 -4.1541015e-03  1.5947215e-03 -4.0315157e-03 -2.7698036e-03
 -3.0223764e-03 -9.1885393e-03  2.8532695e-03  4.6560923e-03
 -9.3300951e-05  3.9355126e-03  3.6003222e-03 -1.2405852e-02
 -7.6818175e-04  6.3718688e-03 -2.8150326e-03 -2.6073465e-03
  1.0635874e-02 -7.0891581e-03  6.5915226e-03 -6.5812683e-03
  1.2217924e-03  7.3983893e-03 -2.6040592e-03  2.1616926e-03
 -1.0872862e-03  2.2066066e-03  5.2223802e-03 -1.2318729e-03
 -6.0428954e-03  5.2553210e-03  5.0336882e-03 -2.3637179e-03
 -5.6772558e-03 -9.8304625e-04 -4.1296771e-03 -2.0911030e-03
  9.4111310e-04  5.9119272e-03  3.5098428e-03 -1.0040832e-03
  3.3421061e-04  3.0789184e-03  1.8319662e-03 -7.8780800e-03
 -2.9005338e-03 -2.9076291e-03 -4.9430167e-04  3.8355507e-03
 -6.6846320e-03  3.0009842e-03  2.5324509e-03 -1.2217514e-04
 -6.2085241e-03  6.6963634e-03  3.8497581e-03  1.9451571e-03
 -2.9077204e-03  3.9421599e-03  9.0801911e-03  1.2203036e-03
 -4.6007065e-03 -4.7494071e-03  4.2795022e-03 -6.3653309e-03
 -3.1913484e-03 -4.8602750e-03  1.1006604e-03  8.6845728e-03
  5.1547460e-05  6.5725576e-03  6.6696210e-03 -2.4434461e-03
  7.3266216e-03 -3.5408731e-03  7.3540770e-03 -2.6658452e-03
 -3.0365437e-03 -2.8822550e-03  4.9585649e-03 -2.0047475e-03
 -2.5425216e-03 -2.9464688e-03 -5.4904218e-03  1.5864467e-03]




Word 2 vector

[-3.69206700e-03 -3.33576492e-04 -4.69641434e-03 -3.59592115e-04
  1.93087501e-03  2.93808780e-03 -5.18867467e-03 -7.32274930e-05
  4.89868980e-04  2.88069388e-03 -9.65339568e-05  1.30896189e-03
 -5.75858692e-04  4.97238245e-03 -7.95459468e-03 -3.49638955e-04
 -2.49659584e-04  3.32684256e-03  1.05910978e-04 -1.68123341e-03
 -1.97871984e-03 -3.49458726e-03 -2.49016238e-03  2.11443985e-03
 -2.94304732e-03 -1.99037301e-03  6.52582035e-04  1.03465653e-04
  3.30534903e-03  5.57502918e-03  2.59237690e-03  7.11399014e-04
  1.02031999e-03 -4.44077980e-03  6.02616277e-03 -4.18861676e-03
  8.72742385e-04  8.74339789e-03  1.74109577e-04  1.16641622e-03
  3.70568712e-03 -1.24959892e-03 -3.02132539e-04 -1.67364860e-03
  4.10553999e-04 -2.94446736e-03 -1.23601453e-03  7.66653975e-05
 -1.85605278e-03 -4.57744393e-03 -4.03629337e-03  4.95535089e-03
  5.39830746e-03  3.09327058e-03  2.25961697e-03 -1.99570577e-03
  2.42380402e-03 -9.76372248e-05 -5.00331260e-03  1.54216264e-04
 -2.36282567e-03  4.47504595e-03 -3.01368255e-03  6.53103832e-03
 -6.23710314e-03  3.39646940e-03 -2.27329228e-03 -2.65639997e-03
 -4.46606464e-05  3.20200017e-03  3.10791307e-03  8.09221354e-04
 -3.81025812e-03  2.61405529e-03  4.89357626e-03 -2.10210891e-03
 -6.67504966e-04  4.43539862e-03  2.72475136e-03 -1.63986511e-03
  3.50767071e-03 -2.56669964e-03  8.75529426e-04  2.85542454e-04
  3.81269772e-03 -1.66515086e-03  4.71521023e-04  2.21578474e-03
  2.00210256e-03  1.31111126e-03  1.12287875e-04 -3.93137755e-03
 -1.38246303e-03  2.74665048e-03  4.82534152e-03  4.21687542e-03
  3.78721324e-03 -1.84155349e-03 -2.93752784e-03  3.83409625e-03]




Words similar to Word 1

[('polic', 0.7101113796234131), ('minist', 0.7087421417236328), ('peopl', 0.7032737135887146), ('candid', 0.7005400657653809), ('say', 0.69890296459198), ('crore', 0.6927639245986938), ('state', 0.6877994537353516), ('come', 0.6775894165039062), ('file', 0.6765763759613037), ('year', 0.6699661016464233)]




Words similar to Word 2

[('accus', 0.5172677040100098), ('say', 0.42634230852127075), ('candid', 0.41989797353744507), ('crimin', 0.41936779022216797), ('meet', 0.4187740683555603), ('march', 0.4070196747779846), ('district', 0.4053691625595093), ('year', 0.4019070267677307), ('elect', 0.4013429284095764), ('crore', 0.398758202791214)]




Similarity between the two

0.37435144
