1286
Word 1: corrupt
Word 2: bribe

Word 1 vector

[ 5.65202488e-03  1.08016387e-03 -4.05398430e-03 -1.04710171e-02
 -4.22350643e-03 -9.70168598e-03 -3.02145048e-03  1.63186237e-03
 -2.07955227e-03 -3.82405054e-03  4.00594668e-03  8.10335577e-03
 -1.21001145e-02 -7.07686134e-03 -1.28661166e-03  9.89931170e-03
 -3.86561826e-03 -8.69956706e-03 -2.47840042e-04 -1.02662714e-02
  4.48107067e-03  8.56335799e-04 -6.64665829e-03 -1.37406099e-03
  6.86042104e-03  6.69163512e-03 -6.82020560e-04  2.00107601e-03
  4.90839302e-04  2.66980636e-03 -5.35730738e-03  2.38456251e-03
 -6.54023280e-03  1.00222258e-02 -1.90427166e-03  4.19817446e-03
 -2.14854372e-03 -6.27510389e-03 -2.22312822e-03 -2.70176749e-03
  4.88019036e-03 -3.45824962e-03  6.34422619e-03  5.13605075e-03
  2.20952323e-03  3.56242061e-03 -5.38605545e-03 -3.61308502e-03
 -6.30383100e-03  2.35509896e-03  3.93007591e-04  3.85275949e-03
  4.75120964e-03 -3.93513823e-03  1.96951628e-03  7.69875944e-03
 -3.11168050e-03  2.15001591e-03  7.88924657e-03 -5.77934297e-05
 -3.82365892e-03 -8.08583666e-03 -5.52243507e-03 -9.30992304e-04
 -3.58280353e-03  1.36448024e-03 -1.40393460e-02  5.24256844e-03
 -5.67926909e-04  1.02295226e-03  4.31441050e-03  9.24842956e-04
  2.80027743e-03 -5.00803255e-03  9.18776542e-03 -1.91162969e-03
 -5.19443350e-03  5.59346285e-04 -1.99054740e-03  2.23889691e-03
 -5.38678234e-03 -8.96992628e-03  1.53785723e-03  2.68337526e-03
  2.14056880e-03  7.95280654e-03  6.36314508e-03 -4.18542186e-03
 -3.18123074e-03 -7.34682987e-03 -9.28646978e-03  6.82952581e-04
 -4.13392251e-03 -8.68598931e-04 -1.19945977e-03  6.25345483e-03
  3.22911702e-03 -2.95475987e-03 -7.36655574e-03 -5.02809370e-03]




Word 2 vector

[ 2.8552318e-03 -8.0651446e-04 -1.6421914e-03  1.5019019e-03
  3.1769695e-03 -5.0320243e-03 -3.6819824e-03  4.8293420e-03
  1.1380515e-03  1.5865836e-03  5.1414436e-03 -1.5083463e-03
 -1.5993805e-03  2.6129752e-03  5.0823698e-03 -2.0591877e-03
 -6.1425325e-03 -6.9959699e-03 -5.5358754e-03  1.1370401e-03
  5.1560421e-03  3.9267023e-03  3.6179959e-03  1.1838587e-03
 -3.0710024e-03 -8.6097029e-04 -4.7796736e-03  6.4951385e-04
  4.2602641e-04 -5.0349962e-03 -1.9955885e-04  4.2380881e-03
  1.7332344e-03  2.0795562e-03 -4.2823427e-03  4.1221431e-03
  5.3449026e-03 -4.7736205e-03  1.5223993e-03 -4.9675643e-03
  5.0418000e-03 -3.5610052e-03  1.5056807e-03  2.2698108e-03
 -3.7475210e-03  5.4350365e-03 -5.4630009e-03 -4.6177204e-03
 -1.9884314e-03  1.6610611e-03 -3.4395107e-03  1.5567789e-03
 -2.5864898e-03 -9.0715906e-04  2.7217944e-03 -6.9234846e-04
 -4.3782219e-03 -2.0057189e-03 -1.2997377e-03  2.5425206e-03
 -1.7115472e-04 -3.1440167e-03  4.8281327e-05  4.4918451e-03
  4.2451601e-03 -7.7092147e-04 -1.5051911e-03  4.2359289e-03
 -5.3171497e-03  2.3162614e-03  6.0377996e-03  4.8388424e-03
  4.8433002e-03 -5.9874565e-04  1.1248410e-03  5.7206751e-04
 -1.0322755e-04  2.8097758e-03 -5.0593074e-03  5.8595757e-03
  2.3842652e-03 -1.2562403e-03 -3.3961579e-03  1.9127097e-03
  1.7083342e-03 -1.0619651e-03  3.5600762e-03 -1.7482465e-03
  4.1566328e-03  9.4222778e-05 -3.6204290e-03 -3.7227497e-03
  2.6638489e-03 -2.5600230e-03 -2.6295618e-03  5.0082845e-03
  5.5378936e-03  8.7178778e-04  2.4614220e-03  3.1192435e-03]




Words similar to Word 1

[('peopl', 0.8219231367111206), ('say', 0.8151806592941284), ('minist', 0.7914248704910278), ('state', 0.7863081097602844), ('parti', 0.7838541269302368), ('alleg', 0.7795225381851196), ('accus', 0.7729797959327698), ('polic', 0.7657339572906494), ('report', 0.7645900249481201), ('come', 0.7631553411483765)]




Words similar to Word 2

[('year', 0.3999294340610504), ('court', 0.39361321926116943), ('charg', 0.3931242525577545), ('forum', 0.3878176212310791), ('centr', 0.38492608070373535), ('parti', 0.3702179789543152), ('communal', 0.36895084381103516), ('india', 0.3678213357925415), ('report', 0.36497920751571655), ('high', 0.36449968814849854)]




Similarity between the two

0.25388116
