Word 1: corrupt
Word 2: bribe

Word 1 vector

[-9.88430183e-05  1.79768668e-03  1.37065398e-03 -1.82193215e-03
  8.39462504e-04 -1.03158620e-03  1.87919347e-03  1.61974935e-03
 -1.03715947e-03  1.82822149e-03 -2.57381733e-04  2.07190192e-03
 -6.21234765e-04  3.80964577e-03 -3.92107992e-03 -1.09343696e-03
  4.66736907e-04 -2.58176075e-03 -1.11726637e-03 -1.93438202e-03
 -1.85333542e-03 -1.35734084e-03 -2.81424600e-05 -2.27909419e-03
  4.43219021e-03  3.74056189e-03  3.94699676e-03  4.65027802e-03
  3.78687191e-03  4.23401454e-03  2.53528985e-03 -1.79464929e-03
  4.09505842e-03  2.90781463e-04  4.87003056e-03  1.22650410e-03
 -1.97371445e-03  1.65528734e-03 -3.99894128e-03  1.20768724e-04
 -5.14726911e-04 -1.19498628e-03 -1.16598769e-03  3.76547658e-04
  3.07602505e-03 -3.16048367e-03 -3.83871840e-03  1.43814622e-03
  8.63165129e-04 -2.17016344e-03  1.79472170e-03 -4.48206114e-03
  3.44439322e-04  2.78792623e-03 -1.66126483e-04  2.24481593e-03
  3.65803437e-03  2.55363015e-03 -1.30084693e-03  3.72804725e-03
  1.00312836e-03  3.29338852e-03  2.59829080e-03 -2.49183271e-03
  3.49994795e-03  4.30157315e-03 -2.48468574e-03  7.72359141e-04
  3.52058531e-04  4.85980138e-03  3.70695628e-03 -1.27399643e-03
 -2.06333096e-03  4.43445332e-03 -3.41882394e-03 -1.91708456e-03
  2.22060643e-03 -1.91581086e-03  5.53630583e-04  3.72563233e-03
  1.02295273e-03  1.28858851e-03  2.07430756e-04 -2.09822017e-03
  2.24553002e-03  8.03935225e-04 -2.29480281e-03 -2.97606480e-03
  1.70509180e-03 -4.85026045e-03 -2.08423403e-03 -5.99633611e-04
  3.97712644e-03  6.50043774e-04  6.69766741e-04 -3.12414137e-04
  4.41550929e-03 -2.19895295e-03  1.27697038e-03  8.38303706e-04]




Word 2 vector

[-3.3909157e-03  1.9679214e-03 -4.3805083e-03  1.6605707e-04
  4.9743145e-03 -1.4283704e-03  6.1108085e-04 -9.5617777e-04
  3.1638248e-03 -2.5908805e-03  4.3545542e-03 -2.7050741e-03
  2.2812774e-03  2.3857281e-03 -4.5002131e-03 -8.2084612e-04
  2.2742152e-03  2.8876455e-03 -4.6679046e-04 -1.0042982e-03
 -1.4078432e-03  2.3537246e-03  3.8043195e-03  1.7421966e-03
  9.7758591e-04  2.8923391e-03 -3.6192245e-03  3.4274727e-03
  9.1521838e-04  4.5720791e-03  9.6851472e-06 -1.0080372e-03
 -3.2828543e-03  4.5340909e-03 -4.0526199e-03 -4.1079484e-03
 -4.0277885e-03 -5.4635672e-04 -2.8129150e-03 -1.6366856e-03
 -2.3728915e-05 -1.6032184e-03 -2.2069404e-03 -2.1822841e-03
 -4.6305107e-03 -1.3439916e-03  3.7440329e-03  1.9546221e-03
 -1.4786663e-03  1.7424342e-03  3.7628792e-03 -1.0563470e-03
 -2.4393121e-04  2.3781890e-03 -3.2031552e-03  2.2015776e-03
 -4.7686761e-03  1.2486083e-04 -2.5274891e-03  8.3967939e-04
  3.5537400e-03  5.4326089e-04  1.8114154e-03 -6.5176480e-04
 -2.9000095e-03 -3.7991564e-04  3.2176871e-03  1.2955328e-03
  4.9070688e-03 -4.6548876e-03  7.1683369e-04  1.2166424e-03
 -3.5779458e-03  9.6268096e-04  6.1120832e-04 -3.0287777e-03
  2.9575278e-03  3.1523078e-03  3.7278947e-03 -3.5742419e-03
 -4.8245178e-03 -3.0414287e-03 -4.0519275e-03 -3.7605688e-03
  2.7285372e-03 -3.9747320e-03 -1.3744942e-03 -8.9441899e-05
  3.7270347e-03 -4.1032890e-03 -1.1961999e-03  4.6863360e-03
  3.3985311e-04  1.7765783e-03  4.9247313e-04  1.1326453e-03
  2.4673163e-03 -4.7523752e-03 -2.5643380e-03 -4.9163937e-03]




Words similar to Word 1

[('impos', 0.2667481303215027), ('benefit', 0.23914504051208496), ('activ', 0.2188446968793869), ('proper', 0.2071867734193802), ('inform', 0.19613279402256012), ('prevail', 0.17304553091526031), ('damag', 0.16457727551460266), ('care', 0.16151249408721924), ('societi', 0.15989167988300323), ('polit', 0.14750155806541443)]




Words similar to Word 2

[('central', 0.26200345158576965), ('irrespect', 0.17683739960193634), ('result', 0.17038890719413757), ('thing', 0.16945935785770416), ('unscrupul', 0.14716050028800964), ('time', 0.13071922957897186), ('case', 0.1205156221985817), ('leader', 0.11991556733846664), ('power', 0.11892163753509521), ('payment', 0.11471936106681824)]




Similarity between the two

0.05965142
