Word 1: corruption
Word 2: bribe

Word 1 vector

[ 1.8310675e-03  6.9509319e-04 -3.9875498e-03 -1.3579789e-03
 -2.9045478e-03 -7.0336473e-04 -4.2614243e-03 -2.9726408e-03
  3.8301367e-03  1.4419809e-03  4.4211815e-03 -2.7687503e-03
  3.3797412e-03 -1.8708899e-03 -2.9406759e-03 -8.6488662e-04
 -2.4666439e-03  1.7369979e-03  1.6969878e-03 -1.5229331e-03
 -4.3251407e-03 -3.4389608e-03  1.5998826e-03  1.9305674e-03
 -6.2267715e-04 -2.8078412e-03 -4.0428098e-03  1.7694762e-03
 -3.8415170e-04  4.3198611e-03 -2.9865812e-04  1.4266241e-03
  4.6912790e-03 -7.5842795e-04 -4.5070011e-04 -4.9354597e-03
 -1.1812354e-03  1.3371916e-03 -4.4490704e-03 -7.1919768e-04
 -4.7555775e-03 -4.7171558e-03 -1.7321466e-03 -1.7050483e-03
 -2.5924521e-03  3.1371638e-03  3.3965735e-03  2.1194210e-03
  1.9876861e-03 -1.2700695e-03  5.1060162e-04  4.0682671e-03
  8.8225538e-04  3.1218901e-03  4.8583234e-03 -3.2245568e-03
  5.0097504e-03 -4.1210768e-03  1.3409927e-03 -1.3665195e-03
 -2.6917532e-03  1.1268894e-03  1.6291254e-03 -5.5392546e-04
  4.5081279e-03 -4.1472851e-03 -4.6908287e-03 -2.3886296e-03
 -1.0542126e-03  1.5341124e-03 -1.1865397e-03  4.0174946e-03
 -4.6997142e-04  1.5044638e-03 -4.5166905e-03 -2.6714122e-03
  3.7389572e-03  1.3173432e-03 -3.1681361e-03  4.1300552e-03
  6.6033659e-05 -3.6476674e-03  1.7704403e-04 -2.4405776e-03
 -3.0352718e-03 -3.6374084e-03 -3.5790373e-03 -4.8986403e-03
 -3.5677927e-03 -8.2924822e-04  1.0004778e-03  2.9046682e-03
 -2.5731341e-03  4.9242885e-03 -3.8550226e-03  5.7531125e-04
 -3.8917856e-03  9.4177201e-04  8.5684942e-04 -6.3628581e-04]




Word 2 vector

[-1.7375697e-03  3.9278031e-03 -2.2554009e-03  2.2472751e-03
  1.1016304e-03 -2.2129589e-03  4.7866073e-03  3.5574837e-03
  2.6421535e-03 -3.3466048e-03  1.8751324e-03  1.4739099e-03
 -4.5474749e-03 -3.3083188e-03 -1.7758799e-03 -2.2594305e-03
  5.0263866e-03 -4.8883408e-03  1.8423407e-03  1.6016067e-03
 -2.6032242e-03  8.1969565e-04  3.5207460e-03  6.2975218e-04
  4.0171202e-03  5.9818360e-04 -1.2892333e-03  3.7825084e-04
  3.9705127e-03 -1.1652636e-03  6.9661619e-04 -8.5169985e-04
 -2.4762130e-03  3.4695826e-03  1.2419412e-03 -2.2328305e-03
  3.6530138e-03  2.1146340e-03  3.2877678e-03  2.0136531e-03
  4.8504588e-03 -5.3284602e-04  1.8450695e-04 -4.4103255e-03
 -3.9026781e-03 -2.5875270e-03 -1.8959273e-04  3.3484699e-04
  3.6051217e-03 -3.4828393e-03  1.5232572e-03 -3.6620712e-04
  4.6516065e-03 -2.0909025e-03 -5.6735874e-04  4.5000212e-03
  4.3738638e-03  3.7272662e-04 -3.2283219e-03 -2.5795856e-03
 -3.7689316e-03 -1.0703722e-03  2.1035085e-03  1.6512698e-03
  1.6231198e-03 -3.9371700e-04 -4.2788205e-03  4.5631737e-03
 -1.6868624e-03 -3.2923624e-03  4.4103316e-03 -3.1891575e-03
 -6.4625946e-04  3.0631635e-03 -3.8103112e-03 -3.7221907e-05
  4.9437990e-04 -1.6081161e-04  2.9004535e-03  3.1881840e-03
  4.9665947e-03 -4.6063061e-03 -4.5187068e-03  2.5896393e-03
  3.3166301e-03 -2.9851983e-03  4.5610862e-03  2.3919586e-03
  4.5623668e-03  1.9752642e-03  1.9985817e-03  3.0841688e-03
 -2.0962595e-03  1.5055011e-03  2.6304254e-03 -5.0130442e-05
 -8.8963023e-04 -9.2581887e-04  3.3739320e-04  1.0448804e-03]




Words similar to Word 1

[('parts', 0.2421070784330368), ('unscrupulous', 0.22626560926437378), ('regulations', 0.17255935072898865), ('one', 0.15648531913757324), ('salary', 0.15419742465019226), ('measures', 0.15035930275917053), ('thirst', 0.14989866316318512), ('officials', 0.1481758952140808), ('like', 0.13445699214935303), ('rs', 0.10186637938022614)]




Words similar to Word 2

[('regulations', 0.18807756900787354), ('department', 0.18681268393993378), ('tax', 0.1795615553855896), ('central', 0.16973069310188293), ('result', 0.1683361828327179), ('officials', 0.16366174817085266), ('products', 0.16116634011268616), ('strong', 0.16014210879802704), ('much', 0.14813531935214996), ('applicant', 0.14249764382839203)]




Similarity between the two

-0.044073448
