Word 1: corrupt
Word 2: bribe

Word 1 vector

[ 1.244132    0.76437324  0.2658339  -0.27044234  0.09197526  0.44824323
  0.6651294   0.6480756   0.25033826 -0.02651431  0.51828784 -0.83704585
  1.230394   -0.89671004  0.59568125  0.4036454  -0.89832497  1.5121918
 -0.5610573   0.20969377 -1.0591062   1.613919   -1.8504573   0.532639
 -0.20627218  0.3899451  -0.6312293   0.17439575  0.4048695  -0.9088897
  0.19761924 -0.38150024  0.24526472  0.485879   -0.72340655  0.7255469
 -0.49354076 -0.6239589  -0.31714633  0.43740728  0.05423468 -0.07408867
 -0.94455856 -1.1153203  -0.35942328  0.64612204 -0.40602157  0.0181234
 -0.6577676  -0.50912476  1.244828    0.37717438 -0.738119   -0.70853686
 -0.27442384  0.00464922  0.01784322  0.19593182  0.9566743  -0.8745523
 -0.15619314 -1.1407318   0.95532244 -0.5600451 ]




Word 2 vector

[ 1.2771151   0.45222852 -0.5574395  -0.01708847  0.2276415   0.41090795
  0.2714179  -0.12660073  0.18518575 -0.18177655  0.13314927 -0.8238243
  0.6840258  -0.7750823   0.723047   -0.08683793 -0.8524908   0.7448549
 -0.2781314   0.0108343  -0.8241272   1.0043288  -1.5023655  -0.08006202
 -0.5465196   0.16764437 -0.09816847 -0.09965336  0.67572176 -0.55495447
  0.6204492  -0.5953821  -0.11209036  0.17534041 -0.623691    0.40819195
 -0.16571699 -0.20865946 -0.44862252  0.48039496  0.1032246  -0.08938552
 -0.7648321  -1.1389887  -1.0239404   0.17163122  0.39269584 -0.4921372
 -0.4663362  -0.37353158  0.07951643 -0.01611509 -0.30074096 -0.29029614
 -0.15805988  0.464575   -0.02434696  0.32080477  0.5230523  -0.74227846
  0.08173924 -0.44046134  0.86856127 -0.18133597]




Words similar to Word 1

[('alleg', 0.9743682146072388), ('scam', 0.936705470085144), ('involv', 0.9355276823043823), ('anti', 0.9328941106796265), ('closur', 0.9299689531326294), ('charg', 0.92802894115448), ('accus', 0.9237374067306519), ('claus', 0.9104784727096558), ('improprieti', 0.9055651426315308), ('arraign', 0.905030369758606)]




Words similar to Word 2

[('launder', 0.9906581044197083), ('receiv', 0.9894697666168213), ('seiz', 0.9890799522399902), ('gutkha', 0.9882379770278931), ('sleuth', 0.9881694912910461), ('land', 0.9880446791648865), ('servant', 0.9874444603919983), ('fir', 0.987206220626831), ('extort', 0.9868497252464294), ('slap', 0.9868199229240417)]




Similarity between the two

0.83179486
