Word 1: corrupt
Word 2: bribe

Word 1 vector

[ 0.58823276  1.0820138  -0.5494089   0.35259494 -1.6528469   2.140344
  1.8575633   2.3949137   2.0756772   0.27350032 -2.4173372   1.7188834
 -2.5569415  -1.478673    0.6691843   0.82646304  1.1114537  -3.7121685
  0.3677431  -1.6383667   0.07213446 -1.0723964   2.6065984   1.0312008
 -0.91337556  3.0328207  -0.18688156 -0.6631932  -1.6781352  -3.0477288
 -4.267454    0.8086061   2.6612656   3.3536408   1.8363675  -2.9578724
  0.26286495  1.4732959  -0.14332357 -0.71786064 -1.628858    0.15848473
 -0.12533826 -3.2269926   0.65651643  2.4186924   4.339297   -0.09923295
  1.0154347  -0.23208778 -3.6963422   1.2079971  -3.4956024   4.27446
 -4.1531763  -1.1843592  -1.1024933  -0.71133405  0.60923904 -2.936752
 -0.87452143 -0.6083998  -1.8274317   1.5517998 ]




Word 2 vector

[ 1.2037064e+00  2.0275800e+00 -3.9888293e-01 -3.2369056e-01
 -3.1149862e+00  6.8562382e-01  1.7569295e+00  1.6296219e+00
  3.0783887e+00  4.6534380e-01 -2.1395428e+00 -4.1897070e-01
  1.0561458e-01 -1.3548890e+00  1.4236178e-01 -5.2256519e-01
  2.1018004e+00  3.4507835e-01 -1.4227970e+00 -1.8239964e+00
  3.4544516e+00  3.2438874e-01  3.8858268e-01  2.3484578e+00
 -3.1301098e+00  1.1428344e+00 -1.8438916e+00 -1.4086726e+00
  9.8356283e-01 -9.7306561e-01 -5.4329265e-02 -9.2526489e-01
 -2.1193193e-01 -2.1775854e+00 -8.4130996e-01 -3.0971748e-01
 -5.8660972e-01 -3.6827272e-01  3.7112582e-02 -2.4581957e+00
  5.2260298e-01 -1.2494049e+00  7.3352873e-01 -2.1812155e+00
 -2.6886909e+00  8.8318908e-01 -1.0504512e+00  2.3230741e+00
 -1.1124542e+00 -6.3461792e-01 -1.7774556e+00  1.1509883e+00
 -1.9824991e+00  1.5234129e+00 -7.8181970e-01  2.5932118e-01
 -1.7516828e+00  1.4003255e+00  3.3409247e-04 -2.8798084e+00
 -1.2573347e+00 -1.6941319e+00  3.5279784e-01  7.5369167e-01]




Words similar to Word 1

[('misde', 0.6664841175079346), ('misus', 0.6643131971359253), ('nepot', 0.6611365675926208), ('conspiraci', 0.6183457374572754), ('govt', 0.6152225732803345), ('failur', 0.6085942983627319), ('ineffici', 0.6024531126022339), ('regim', 0.5998052358627319), ('indulg', 0.5904317498207092), ('expos', 0.5899405479431152)]




Words similar to Word 2

[('kickback', 0.7260960340499878), ('bogus', 0.6622779369354248), ('ransom', 0.6621332764625549), ('gratif', 0.644533634185791), ('chequ', 0.6405026912689209), ('refund', 0.6103713512420654), ('fraudul', 0.6071865558624268), ('money', 0.5933719277381897), ('extort', 0.5896902680397034), ('invoic', 0.5855281352996826)]




Similarity between the two

0.37049618
