Word 1: corrupt
Word 2: bribe

Word 1 vector

[ 3.4601325e-03  2.5861438e-03 -2.5444571e-03 -8.6627930e-04
  3.2134333e-03  4.9628764e-03 -1.4212591e-03  2.3126293e-03
 -3.8345001e-04  1.7094534e-03 -2.2946217e-03  3.7371973e-03
 -3.2515184e-03 -3.3435721e-03  8.3151116e-04 -1.2388345e-04
  3.7982275e-03 -2.6397188e-03 -2.3778465e-03 -2.7451366e-03
 -2.7864224e-03  4.4520320e-03 -3.3549676e-03  2.4121699e-03
 -2.2142523e-03 -1.6612853e-03  1.1282060e-03 -4.5198104e-03
 -2.8925547e-03  1.9538675e-03 -3.1950003e-03 -3.7282265e-03
 -2.9137221e-03 -6.3233630e-04  2.1342399e-04  2.2799736e-04
  4.6297070e-03  3.6386710e-03 -1.7899364e-03  4.3198098e-03
  3.3172728e-03  4.5697540e-03 -1.0137860e-04 -1.3672644e-03
  1.9709249e-03  4.8964270e-03  1.2240473e-03  2.1439773e-04
  3.2978300e-03  4.0423633e-03  1.0255689e-03 -9.7176520e-04
 -2.9477426e-03 -4.0197284e-03  4.8397635e-03 -1.9329601e-03
 -1.4154931e-03 -4.0180129e-03 -3.9533922e-03  4.4281646e-03
 -1.1889688e-03 -4.9721804e-03  2.3344797e-03  7.8748312e-04
  1.9103420e-03 -2.2599311e-03  1.4385573e-03 -1.5245436e-03
  3.3027972e-03 -2.6735279e-03  3.5426491e-03  6.7922729e-04
 -2.6530693e-03  9.6336362e-04 -4.0623713e-03  3.7198534e-04
  2.3101375e-03 -2.3711664e-03  4.4587045e-03 -4.8196642e-03
 -1.2794556e-03 -4.9019465e-03 -9.2155352e-04 -4.1949158e-03
 -2.6796632e-03 -2.7895774e-04 -1.3811848e-03 -7.0121510e-05
  5.3331099e-04 -3.1098912e-03 -4.5496807e-03 -4.2851684e-03
  3.6067513e-03  3.5828068e-03 -4.2525250e-03  2.5794988e-03
 -1.8650437e-03  4.7579096e-03 -2.4768647e-03 -1.3529691e-03]




Word 2 vector

[ 1.2780416e-03  4.6730675e-03  1.7932768e-03  4.1470034e-03
  2.3618957e-03 -3.4418376e-03  1.2145500e-03 -3.2095395e-03
  1.9757824e-03 -1.7242969e-03  3.0549886e-03 -1.9289798e-03
 -8.1287796e-04  9.0389972e-04  2.0985659e-03  4.2654732e-03
 -3.3819182e-03 -4.4939467e-03  3.6426359e-03 -3.1870962e-04
 -6.5910420e-04 -1.0888860e-04  3.1260210e-03 -3.1822398e-03
 -4.9412143e-03  4.6180352e-03 -8.3498907e-04 -1.3269585e-03
  3.0455389e-03  1.7639579e-03 -1.8314127e-03  2.5648447e-03
  4.5055794e-03  2.8853228e-03  4.3822173e-03 -1.4115151e-03
 -3.2655138e-03  1.9203186e-04  3.1506852e-03  8.7115029e-04
  4.8088953e-03  2.1564129e-03  3.9234268e-03 -3.5010916e-03
  3.8154372e-03 -4.4734415e-04  4.8690606e-03  3.3316377e-03
 -4.9057570e-03 -3.5761502e-03 -4.0107286e-03  3.3377474e-03
  4.5479727e-03  6.5951259e-04  4.7890935e-03 -6.3249929e-04
 -4.3010525e-03 -3.7371158e-03  2.0892019e-03  3.3094904e-03
 -6.9531787e-04  1.0667456e-03 -1.8552117e-03 -6.2579953e-04
 -3.9536324e-03  1.9114246e-03 -3.5691783e-03  6.1745028e-04
 -1.2824713e-03  1.2333136e-03 -3.4007907e-03 -3.0134059e-03
  2.2876689e-03  9.0557569e-06  1.3674273e-03 -4.9371673e-03
 -8.6595501e-05  2.9121080e-04  8.2261325e-04 -8.2597468e-04
  4.3108086e-03  1.1932019e-04  3.5394196e-04  1.2321742e-03
  1.5124821e-03  4.2916383e-03  1.0759035e-03 -3.5798347e-03
 -2.8856685e-03  4.1552829e-03 -9.2902407e-04 -3.7599576e-03
  1.9021458e-03 -3.9343252e-03  4.5968401e-03  1.2380001e-03
  4.9329917e-03 -3.7455853e-04  4.1045574e-03 -1.7975939e-03]




Words similar to Word 1

[('perinthalmanna', 0.39242082834243774), ('talk', 0.3867338299751282), ('kotyan', 0.3851802349090576), ('nmai', 0.3844468593597412), ('hamstr', 0.3777430057525635), ('palawat', 0.3696845769882202), ('parirakshana', 0.36393576860427856), ('hajiyarp', 0.3637034296989441), ('hiranandani', 0.36250174045562744), ('srujan', 0.36051827669143677)]




Words similar to Word 2

[('chitalia', 0.42697155475616455), ('farid', 0.4017404317855835), ('dspe', 0.3809658885002136), ('woo', 0.37700992822647095), ('multimet', 0.3729032278060913), ('gangothri', 0.37228459119796753), ('taher', 0.3719348907470703), ('asvini', 0.353042334318161), ('calv', 0.35164013504981995), ('jumman', 0.35101503133773804)]




Similarity between the two

-0.17896488
