Word 1: corruption
Word 2: bribe

Word 1 vector

[-5.2907754e-04 -2.6636615e-03  7.6933728e-05  2.3028317e-03
  4.9694330e-03  3.2390405e-03 -3.1876352e-03  1.4280139e-03
  3.1413794e-03  3.0931893e-03 -2.0552212e-03 -3.3826794e-04
 -1.8285395e-03 -3.2557242e-03 -4.3606167e-03 -3.6271445e-03
  1.8202346e-03  4.3659066e-04  2.7398372e-03  4.5331251e-03
  2.8016572e-03 -3.9486955e-03  4.8539648e-03 -4.0918640e-03
 -2.4762545e-03  2.2679471e-04  2.5706305e-03  4.0550535e-03
  1.4432357e-03  3.3837999e-03 -6.1802485e-04  2.8125118e-03
  1.3624091e-03 -1.4583818e-03  3.7104941e-03  2.5394603e-03
 -6.2204868e-04  4.3598390e-03 -4.1298456e-03  2.9630749e-04
 -6.5351004e-04 -4.5474842e-03 -1.9877541e-03  4.1142395e-03
  1.1649259e-03 -1.7498294e-03 -1.4325135e-03 -1.8660869e-03
  4.9851271e-03 -3.1735208e-03 -2.4279028e-03  1.1321619e-03
 -2.5542972e-03 -3.3637672e-03  2.7001225e-03 -4.1887481e-03
  1.6271005e-03  6.5195060e-04 -4.5291251e-03  2.9634295e-03
  3.0014957e-03 -1.5606775e-03 -1.7570450e-03 -1.5355642e-03
 -4.1821729e-03  1.9637547e-03 -2.5510620e-03  1.9767907e-05
  1.3189679e-03 -2.0112609e-03  1.9369363e-03  4.3374486e-03
  4.9755424e-03 -1.6535795e-04  3.8765210e-03  4.1306033e-03
  8.8090007e-04 -3.6006505e-03 -1.1622964e-03  2.6970421e-04
  6.3444267e-04  3.1467928e-03 -4.0735696e-03  4.1972143e-03
 -2.3229186e-04  4.2623426e-03 -1.5602354e-03 -4.1084155e-03
  2.2953232e-03 -3.6260644e-03  8.2813308e-04 -4.1276985e-03
 -3.4455289e-03  1.1926765e-03  1.3834931e-03 -4.9038581e-03
  2.9410527e-04  3.8047037e-03  4.4935909e-03 -2.0367384e-03]




Word 2 vector

[ 0.00017396  0.00499023  0.00478189 -0.00153493 -0.00084498 -0.00434392
  0.00079022 -0.0024263  -0.00117005 -0.00366898  0.00136792 -0.0046763
  0.00067211 -0.00475817 -0.0038906  -0.00413422 -0.00132408 -0.00134352
 -0.00385006  0.00230521 -0.00200554  0.00154064  0.00089546 -0.00064515
 -0.00374385 -0.00488489 -0.00186665  0.00372971 -0.00414576 -0.0046604
  0.00215386 -0.00083088  0.0026454   0.00121966 -0.00411221 -0.00198298
  0.00347093 -0.00166903 -0.00229017  0.00406204 -0.00255087  0.00047968
 -0.00077247 -0.0041031   0.00351953 -0.00049023  0.00399085 -0.00258868
  0.00062816  0.00292155 -0.00198751  0.0023043   0.00482907  0.00263028
 -0.00074589  0.00111315 -0.00226415 -0.00182151 -0.00450412  0.00441926
  0.00361407 -0.00012227 -0.00341753 -0.002676    0.0031634  -0.00369911
  0.00082532 -0.00224459 -0.00450217  0.00313168  0.00163288 -0.00430735
  0.00438563 -0.00039691 -0.00126829  0.0023061   0.00076685 -0.00066534
 -0.00189515  0.00027195  0.00087724 -0.00371536  0.00444334 -0.00352154
 -0.00107938 -0.00131466 -0.00151117  0.00425343 -0.00265444 -0.00045631
 -0.00136773  0.00466195 -0.00030332  0.00111349  0.00365305  0.0016524
 -0.00230918  0.00087845 -0.00050686 -0.00127963]




Words similar to Word 1

[('largely', 0.41684573888778687), ('counsellors', 0.39342325925827026), ('mohammadi', 0.3888358771800995), ('barkot', 0.38693517446517944), ('sugandh', 0.3805956244468689), ('vocation', 0.3764871060848236), ('incites', 0.37037914991378784), ('range', 0.3700008988380432), ('parali', 0.36389607191085815), ('dastagir', 0.36246782541275024)]




Words similar to Word 2

[('divest', 0.4285140335559845), ('nsitharaman', 0.41238459944725037), ('uchchila', 0.4071331024169922), ('plans', 0.39091557264328003), ('menopausal', 0.37413936853408813), ('gasping', 0.3690553903579712), ('appeared', 0.3642958402633667), ('ambattur', 0.3589829206466675), ('mathew', 0.35839200019836426), ('gautampuri', 0.35712647438049316)]




Similarity between the two

-0.16685429

