Word 1: corruption
Word 2: bribe

Word 1 vector

[-6.0806226e-02 -8.8591832e-01  1.3315238e+00  2.8993943e-01
  2.3052092e-01 -1.3661531e+00 -2.6608160e-01 -1.3935181e+00
  1.1304202e+00  1.8101382e-01 -2.3224822e-01 -5.7750207e-01
  2.1653979e+00  1.8128000e+00  1.5696943e+00 -2.4075224e-01
  3.7844644e+00  9.9081606e-01  1.7695125e+00 -1.6579258e+00
 -4.5602834e-01  6.8588083e-04  6.6960710e-01  1.0540624e+00
 -6.6894209e-01  7.0815444e-02 -9.9048674e-01 -1.9455683e+00
  9.3566036e-01  8.9028978e-01  4.1434988e-01  2.7997644e+00
  1.2120160e+00 -5.4032898e-01 -1.9707237e+00  8.7877560e-01
  3.6787078e-01  3.2392010e-01 -4.3740225e-01  3.5133871e-01
 -5.0415885e-01  3.1428033e-01 -9.7259837e-01 -5.0840354e-01
  2.4278936e+00 -2.6029255e+00  1.4709531e+00 -4.4611901e-01
 -1.2934545e+00 -1.5331020e+00  6.7244279e-01 -1.0670983e+00
 -5.6254995e-01 -1.2216613e+00 -2.6394853e-01 -2.4402056e+00
 -1.0063770e+00  1.6250064e+00  7.5759208e-01 -1.2919170e+00
  4.7581375e-01  6.8447942e-01 -1.7005445e+00  9.2904115e-01]




Word 2 vector

[-3.2278496e-01 -4.5368981e-01  3.2858551e-01 -2.0196432e-01
 -9.3371645e-02  1.6490890e-01 -5.3598082e-01 -1.0462043e+00
  5.4562811e-02  7.1323192e-01 -3.0940121e-01 -8.3999448e-02
  4.9856031e-01  1.7105515e-01  3.4365019e-01  1.5639959e-01
  4.7209749e-01  2.3676859e-01  3.2934466e-01 -7.4824464e-01
  4.0033642e-02  4.1433275e-01 -2.3193946e-01  4.1265303e-01
 -1.5112440e-01  1.0020337e-01 -2.5709042e-01 -5.1197362e-01
  3.5940263e-01  3.7652543e-01  5.5655088e-02  7.6392931e-01
 -8.1323512e-02 -8.6778820e-01 -3.5960495e-01  1.6382582e-01
 -1.7641771e-01  3.1009806e-02  1.0991247e-02 -1.6441673e-02
 -3.6268792e-01 -4.8198283e-01 -1.0220490e+00  4.3905545e-02
  7.8157030e-02 -5.3751266e-01 -1.4304648e-01 -6.7252773e-01
  1.0676016e-01 -6.9505954e-03  3.5874268e-01 -7.6953450e-04
 -1.8541883e-01  7.9771228e-02 -2.6865137e-01 -2.4036494e-01
 -4.1512349e-01  4.8054340e-01  4.8915204e-01  4.6022367e-01
 -3.6372712e-01  1.1530245e-01 -1.5468280e-01  3.2132089e-01]




Words similar to Word 1

[('allegations', 0.915044367313385), ('baseless', 0.8533285856246948), ('levelled', 0.8507768511772156), ('levelling', 0.8383364081382751), ('irregularities', 0.8347017765045166), ('corrupt', 0.8209726810455322), ('tolerance', 0.8036379218101501), ('indulging', 0.7906270623207092), ('charges', 0.7895882725715637), ('redesigning', 0.7890519499778748)]




Words similar to Word 2

[('taking', 0.9727882742881775), ('bribes', 0.9714803695678711), ('files', 0.9695165157318115), ('amount', 0.9661675691604614), ('barrage', 0.9658586382865906), ('facilities', 0.9652300477027893), ('tonne', 0.9643825888633728), ('roster', 0.9633944034576416), ('works', 0.9631348848342896), ('subject', 0.9630013704299927)]




Similarity between the two

0.57927495