Word 1: corruption
Word 2: bribe

Word 1 vector

[ 0.74889886 -1.555547   -0.64336807 -2.6716626  -0.36993766 -4.0524964
 -2.0187812   2.177534    4.134518   -0.29170853 -0.14758387  0.5219265
  0.20433263 -0.28386435 -0.6482097  -1.874932    0.418684    0.27844507
  1.5888889  -1.9936932   4.4158645  -1.5003929   0.96819615 -0.6993225
  1.5055109  -0.6075657   1.284078   -1.4755741   0.9189312   1.2305987
 -2.0758634   0.53080094  1.5607071  -1.0657085   2.599026    3.912194
 -1.7136809  -3.301017   -1.7888582   1.6337993   0.26003668 -1.9048957
  3.2020304   2.6674619  -1.3862488  -0.5064609   2.401272    0.8028922
 -0.15526323  1.4357482   3.2443666   2.5695777  -1.1611235   0.22352517
 -3.3973503   1.1533419  -2.5364497   1.6422014   0.86082727  2.5718746
 -1.331141    1.9061433  -1.3961997   0.3410087 ]




Word 2 vector

[ 1.7084767e-01 -1.8712338e+00 -2.6786164e-03  8.6454684e-01
  2.3088160e+00  8.4791493e-01  1.8189201e-01  1.7466958e+00
  1.2994450e+00 -2.0279794e+00 -1.8986223e+00  9.5349920e-01
  6.3387430e-01 -1.9481355e+00  1.9596770e+00  1.6223082e-02
 -1.0663363e+00  2.3227754e-01  9.2625791e-01 -1.4332168e+00
 -8.5655755e-01  1.5320487e+00 -3.4924543e-01  1.0267891e+00
 -1.0005546e-02  2.0786662e-01  1.3274391e+00 -2.6496019e+00
 -4.1003573e-01  3.5028738e-01 -1.5703119e+00 -6.9546187e-01
 -1.4690883e+00 -2.2758476e-01  1.9157324e+00  1.7661943e+00
  3.6038524e-01 -1.0275846e+00 -2.6552117e+00  3.3426938e+00
  7.0927542e-01  3.5437617e-01  2.1911938e+00 -6.0843521e-01
 -2.4067304e+00  1.7160560e+00  2.3212383e+00 -1.9801061e+00
 -8.9595538e-01 -1.0683984e+00  1.0838258e+00 -1.3721685e+00
 -7.6905268e-01  2.5553954e-01 -9.7570187e-01  4.1876036e-01
 -1.7288373e+00 -1.3150836e+00 -7.5568503e-01  5.3766567e-02
 -2.6118045e+00 -1.2855716e+00  6.0337496e-01  1.3627745e+00]




Words similar to Word 1

[('nepotism', 0.7948037385940552), ('corrupt', 0.6876997947692871), ('favouritism', 0.6770210862159729), ('irregularities', 0.6758825778961182), ('indulging', 0.6558008193969727), ('inefficiency', 0.6554330587387085), ('conspiracy', 0.6548325419425964), ('misuse', 0.6522245407104492), ('impropriety', 0.6434043645858765), ('criminality', 0.6417756080627441)]




Words similar to Word 2

[('ransom', 0.8071387410163879), ('cheque', 0.7744640111923218), ('bribes', 0.7640525698661804), ('₹30,000', 0.6992805004119873), ('kickbacks', 0.6831245422363281), ('₹50,000', 0.6701878309249878), ('surety', 0.6664859056472778), ('₹25,000', 0.6646358966827393), ('reward', 0.6641809940338135), ('51,60,000', 0.6585879921913147)]




Similarity between the two

0.2967334